num:
  1 至 5 列

   0.008086300651828  -0.000214044620356  -0.011552657439175   0.002080551022165   0.015558017092270

  6 至 10 列

   0.006765469876934  -0.037381217193521  -0.014950757044983   0.074641180007900   0.159394245758982

  11 至 12 列

   0.132745059363677   0.062167634890428

den:
  1 至 5 列

   1.000173059074927  -1.717407054641269   2.363497631924914  -2.293943715051876   1.674212592313477

  6 至 10 列

  -0.869433513898496   0.224994885768651   0.102888840869733  -0.162884494575572   0.101169113478936

  11 至 12 列

  -0.040133405983949   0.006336193525070